time,date,cases_by_day,metric_new_cases_sympt,scaled_sim_cases,deaths_by_day,cum_deaths,metric_new_deaths,metric_died_count,scaled_sim_deaths,cum_deaths_sim,cum_deaths_sim_scaled
0,2020-03-20,2.0,49,980,1.0,1.0,0,0,0,0,0
1,2020-03-21,0.0,0,0,0.0,1.0,0,0,0,0,0
2,2020-03-22,0.0,0,0,0.0,1.0,0,0,0,0,0
3,2020-03-23,0.0,0,0,0.0,1.0,0,0,0,0,0
4,2020-03-24,1.0,0,0,0.0,1.0,0,0,0,0,0
5,2020-03-25,1.0,10,200,0.0,1.0,0,0,0,0,0
6,2020-03-26,0.0,12,240,0.0,1.0,0,0,0,0,0
7,2020-03-27,3.0,13,260,0.0,1.0,0,0,0,0,0
8,2020-03-28,0.0,10,200,0.0,1.0,0,0,0,0,0
9,2020-03-29,0.0,9,180,0.0,1.0,0,0,0,0,0
10,2020-03-30,1.0,9,180,0.0,1.0,0,0,0,0,0
11,2020-03-31,2.0,13,260,0.0,1.0,0,0,0,0,0
12,2020-04-01,0.0,18,360,0.0,1.0,0,0,0,0,0
13,2020-04-02,0.0,17,340,0.0,1.0,0,0,0,0,0
14,2020-04-03,0.0,15,300,0.0,1.0,0,0,0,0,0
15,2020-04-04,0.0,17,340,0.0,1.0,0,0,0,0,0
16,2020-04-05,1.0,10,200,0.0,1.0,0,0,0,0,0
17,2020-04-06,0.0,21,420,0.0,1.0,0,0,0,0,0
18,2020-04-07,3.0,15,300,0.0,1.0,0,0,0,0,0
19,2020-04-08,0.0,22,440,0.0,1.0,0,0,0,0,0
20,2020-04-09,0.0,28,560,0.0,1.0,0,0,0,0,0
21,2020-04-10,0.0,24,480,0.0,1.0,0,0,0,0,0
22,2020-04-11,1.0,19,380,0.0,1.0,0,0,0,0,0
23,2020-04-12,2.0,36,720,0.0,1.0,0,0,0,0,0
24,2020-04-13,4.0,25,500,0.0,1.0,0,0,0,0,0
25,2020-04-14,0.0,35,700,0.0,1.0,0,0,0,0,0
26,2020-04-15,6.0,48,960,0.0,1.0,0,0,0,0,0
27,2020-04-16,0.0,37,740,0.0,1.0,0,0,0,0,0
28,2020-04-17,1.0,35,700,0.0,1.0,0,0,0,0,0
29,2020-04-18,0.0,47,940,0.0,1.0,0,0,0,0,0
30,2020-04-19,0.0,36,720,0.0,1.0,0,0,0,0,0
31,2020-04-20,1.0,48,960,0.0,1.0,0,0,0,0,0
32,2020-04-21,0.0,45,900,0.0,1.0,0,0,0,0,0
33,2020-04-22,0.0,62,1240,0.0,1.0,1,1,20,1,20
34,2020-04-23,3.0,64,1280,0.0,1.0,0,1,0,1,20
35,2020-04-24,2.0,65,1300,0.0,1.0,0,1,0,1,20
36,2020-04-25,1.0,57,1140,0.0,1.0,0,1,0,1,20
37,2020-04-26,0.0,81,1620,0.0,1.0,0,1,0,1,20
38,2020-04-27,0.0,89,1780,0.0,1.0,0,1,0,1,20
39,2020-04-28,1.0,62,1240,0.0,1.0,0,1,0,1,20
40,2020-04-29,2.0,112,2240,0.0,1.0,0,1,0,1,20
41,2020-04-30,0.0,104,2080,0.0,1.0,1,2,20,2,40
42,2020-05-01,0.0,111,2220,0.0,1.0,0,2,0,2,40
43,2020-05-02,0.0,129,2580,0.0,1.0,0,2,0,2,40
44,2020-05-03,1.0,136,2720,0.0,1.0,0,2,0,2,40
45,2020-05-04,2.0,105,2100,0.0,1.0,0,2,0,2,40
46,2020-05-05,2.0,137,2740,0.0,1.0,0,2,0,2,40
47,2020-05-06,0.0,160,3200,0.0,1.0,0,2,0,2,40
48,2020-05-07,12.0,183,3660,0.0,1.0,0,2,0,2,40
49,2020-05-08,0.0,191,3820,0.0,1.0,0,2,0,2,40
50,2020-05-09,1.0,235,4700,0.0,1.0,0,2,0,2,40
51,2020-05-10,0.0,238,4760,0.0,1.0,0,2,0,2,40
52,2020-05-11,1.0,193,3860,0.0,1.0,0,2,0,2,40
53,2020-05-12,0.0,187,3740,0.0,1.0,0,2,0,2,40
54,2020-05-13,4.0,273,5460,0.0,1.0,1,3,20,3,60
55,2020-05-14,1.0,268,5360,0.0,1.0,0,3,0,3,60
56,2020-05-15,1.0,334,6680,0.0,1.0,0,3,0,3,60
57,2020-05-16,0.0,335,6700,0.0,1.0,0,3,0,3,60
58,2020-05-17,1.0,357,7140,0.0,1.0,0,3,0,3,60
59,2020-05-18,0.0,355,7100,0.0,1.0,1,4,20,4,80
60,2020-05-19,3.0,366,7320,0.0,1.0,0,4,0,4,80
61,2020-05-20,0.0,411,8220,0.0,1.0,0,4,0,4,80
62,2020-05-21,1.0,494,9880,0.0,1.0,0,4,0,4,80
63,2020-05-22,1.0,534,10680,0.0,1.0,0,4,0,4,80
64,2020-05-23,3.0,560,11200,0.0,1.0,1,5,20,5,100
65,2020-05-24,2.0,560,11200,0.0,1.0,0,5,0,5,100
66,2020-05-25,1.0,512,10240,0.0,1.0,1,6,20,6,120
67,2020-05-26,25.0,545,10900,0.0,1.0,0,6,0,6,120
68,2020-05-27,46.0,621,12420,0.0,1.0,0,6,0,6,120
69,2020-05-28,5.0,697,13940,0.0,1.0,1,7,20,7,140
70,2020-05-29,9.0,776,15520,0.0,1.0,0,7,0,7,140
71,2020-05-30,11.0,822,16440,0.0,1.0,0,7,0,7,140
72,2020-05-31,13.0,848,16960,0.0,1.0,0,7,0,7,140
73,2020-06-01,16.0,737,14740,0.0,1.0,0,7,0,7,140
74,2020-06-02,15.0,781,15620,0.0,1.0,0,7,0,7,140
75,2020-06-03,6.0,975,19500,0.0,1.0,2,9,40,9,180
76,2020-06-04,46.0,1048,20960,0.0,1.0,1,10,20,10,200
77,2020-06-05,8.0,1173,23460,0.0,1.0,0,10,0,10,200
78,2020-06-06,9.0,1233,24660,0.0,1.0,2,12,40,12,240
79,2020-06-07,11.0,1137,22740,0.0,1.0,1,13,20,13,260
80,2020-06-08,5.0,1077,21540,0.0,1.0,0,13,0,13,260
81,2020-06-09,15.0,1075,21500,0.0,1.0,0,13,0,13,260
82,2020-06-10,15.0,1448,28960,0.0,1.0,1,14,20,14,280
83,2020-06-11,19.0,1582,31640,0.0,1.0,0,14,0,14,280
84,2020-06-12,11.0,1715,34300,0.0,1.0,5,19,100,19,380
85,2020-06-13,5.0,1671,33420,0.0,1.0,1,20,20,20,400
86,2020-06-14,31.0,1747,34940,0.0,1.0,3,23,60,23,460
87,2020-06-15,5.0,1505,30100,0.0,1.0,3,26,60,26,520
88,2020-06-16,16.0,1548,30960,0.0,1.0,3,29,60,29,580
89,2020-06-17,11.0,2034,40680,0.0,1.0,0,29,0,29,580
90,2020-06-18,31.0,2131,42620,0.0,1.0,0,29,0,29,580
91,2020-06-19,25.0,2196,43920,0.0,1.0,3,32,60,32,640
92,2020-06-20,10.0,2264,45280,0.0,1.0,6,38,120,38,760
93,2020-06-21,4.0,2224,44480,0.0,1.0,3,41,60,41,820
94,2020-06-22,23.0,2065,41300,0.0,1.0,0,41,0,41,820
95,2020-06-23,13.0,2163,43260,1.0,2.0,5,46,100,46,920
96,2020-06-24,12.0,2635,52700,0.0,2.0,4,50,80,50,1000
97,2020-06-25,6.0,2677,53540,1.0,3.0,8,58,160,58,1160
98,2020-06-26,14.0,2914,58280,0.0,3.0,3,61,60,61,1220
99,2020-06-27,6.0,2815,56300,0.0,3.0,3,64,60,64,1280
100,2020-06-28,12.0,2784,55680,0.0,3.0,3,67,60,67,1340
101,2020-06-29,22.0,2547,50940,1.0,4.0,2,69,40,69,1380
102,2020-06-30,10.0,2641,52820,1.0,5.0,3,72,60,72,1440
103,2020-07-01,20.0,3146,62920,1.0,6.0,3,75,60,75,1500
104,2020-07-02,14.0,3223,64460,0.0,6.0,4,79,80,79,1580
105,2020-07-03,15.0,3322,66440,0.0,6.0,10,89,200,89,1780
106,2020-07-04,52.0,3373,67460,0.0,6.0,4,93,80,93,1860
107,2020-07-05,21.0,3261,65220,1.0,7.0,6,99,120,99,1980
108,2020-07-06,54.0,2834,56680,2.0,9.0,10,109,200,109,2180
109,2020-07-07,22.0,3013,60260,0.0,9.0,4,113,80,113,2260
110,2020-07-08,79.0,3538,70760,0.0,9.0,6,119,120,119,2380
111,2020-07-09,68.0,3725,74500,0.0,9.0,7,126,140,126,2520
112,2020-07-10,52.0,3635,72700,5.0,14.0,4,130,80,130,2600
113,2020-07-11,43.0,3591,71820,1.0,15.0,9,139,180,139,2780
114,2020-07-12,18.0,3461,69220,1.0,16.0,8,147,160,147,2940
115,2020-07-13,36.0,3192,63840,2.0,18.0,10,157,200,157,3140
116,2020-07-14,37.0,3159,63180,1.0,19.0,8,165,160,165,3300
117,2020-07-15,103.0,3571,71420,2.0,21.0,6,171,120,171,3420
118,2020-07-16,238.0,3876,77520,4.0,25.0,11,182,220,182,3640
119,2020-07-17,41.0,3768,75360,5.0,30.0,8,190,160,190,3800
120,2020-07-18,92.0,3751,75020,5.0,35.0,11,201,220,201,4020
121,2020-07-19,127.0,3697,73940,2.0,37.0,9,210,180,210,4200
122,2020-07-20,90.0,3221,64420,1.0,38.0,13,223,260,223,4460
123,2020-07-21,135.0,3169,63380,1.0,39.0,15,238,300,238,4760
124,2020-07-22,86.0,3574,71480,2.0,41.0,12,250,240,250,5000
125,2020-07-23,109.0,3777,75540,3.0,44.0,15,265,300,265,5300
126,2020-07-24,191.0,3685,73700,0.0,44.0,5,270,100,270,5400
127,2020-07-25,254.0,3594,71880,4.0,48.0,11,281,220,281,5620
128,2020-07-26,124.0,3516,70320,4.0,52.0,13,294,260,294,5880
129,2020-07-27,51.0,3152,63040,1.0,53.0,17,311,340,311,6220
130,2020-07-28,227.0,3210,64200,2.0,55.0,10,321,200,321,6420
131,2020-07-29,116.0,3626,72520,2.0,57.0,10,331,200,331,6620
132,2020-07-30,174.0,3464,69280,1.0,58.0,8,339,160,339,6780
133,2020-07-31,166.0,3427,68540,3.0,61.0,14,353,280,353,7060
134,2020-08-01,205.0,3305,66100,1.0,62.0,9,362,180,362,7240
135,2020-08-02,74.0,3298,65960,0.0,62.0,11,373,220,373,7460
136,2020-08-03,136.0,2908,58160,0.0,62.0,15,388,300,388,7760
137,2020-08-04,67.0,2905,58100,2.0,64.0,10,398,200,398,7960
138,2020-08-05,186.0,3234,64680,11.0,75.0,12,410,240,410,8200
139,2020-08-06,51.0,3219,64380,7.0,82.0,13,423,260,423,8460
140,2020-08-07,90.0,3111,62220,1.0,83.0,16,439,320,439,8780
141,2020-08-08,93.0,3096,61920,4.0,87.0,22,461,440,461,9220
142,2020-08-09,16.0,2954,59080,1.0,88.0,13,474,260,474,9480
143,2020-08-10,22.0,2800,56000,0.0,88.0,19,493,380,493,9860
144,2020-08-11,54.0,2634,52680,1.0,89.0,11,504,220,504,10080
145,2020-08-12,64.0,2991,59820,0.0,89.0,14,518,280,518,10360
146,2020-08-13,63.0,2766,55320,2.0,91.0,11,529,220,529,10580
147,2020-08-14,103.0,2863,57260,11.0,102.0,10,539,200,539,10780
148,2020-08-15,100.0,2631,52620,0.0,102.0,16,555,320,555,11100
149,2020-08-16,117.0,2565,51300,3.0,105.0,19,574,380,574,11480
150,2020-08-17,34.0,2424,48480,2.0,107.0,9,583,180,583,11660
151,2020-08-18,130.0,2269,45380,0.0,107.0,18,601,360,601,12020
152,2020-08-19,33.0,2397,47940,0.0,107.0,14,615,280,615,12300
153,2020-08-20,66.0,2432,48640,2.0,109.0,19,634,380,634,12680
154,2020-08-21,37.0,2269,45380,2.0,111.0,10,644,200,644,12880
155,2020-08-22,48.0,2257,45140,1.0,112.0,19,663,380,663,13260
156,2020-08-23,55.0,2174,43480,0.0,112.0,21,684,420,684,13680
157,2020-08-24,10.0,2095,41900,0.0,112.0,18,702,360,702,14040
158,2020-08-25,14.0,2037,40740,1.0,113.0,15,717,300,717,14340
159,2020-08-26,14.0,2004,40080,1.0,114.0,13,730,260,730,14600
160,2020-08-27,15.0,1850,37000,0.0,114.0,12,742,240,742,14840
161,2020-08-28,11.0,1889,37780,3.0,117.0,7,749,140,749,14980
162,2020-08-29,20.0,1914,38280,0.0,117.0,10,759,200,759,15180
163,2020-08-30,3.0,1721,34420,0.0,117.0,15,774,300,774,15480
164,2020-08-31,0.0,1728,34560,0.0,117.0,11,785,220,785,15700
165,2020-09-01,5.0,1642,32840,0.0,117.0,11,796,220,796,15920
166,,,1588,31760,,,11,807,220,807,16140
167,,,1605,32100,,,13,820,260,820,16400
168,,,1537,30740,,,9,829,180,829,16580
169,,,1443,28860,,,15,844,300,844,16880
170,,,1382,27640,,,11,855,220,855,17100
171,,,1404,28080,,,19,874,380,874,17480
172,,,1277,25540,,,14,888,280,888,17760
173,,,1276,25520,,,12,900,240,900,18000
174,,,1303,26060,,,5,905,100,905,18100
175,,,1206,24120,,,7,912,140,912,18240
176,,,1197,23940,,,9,921,180,921,18420
177,,,1162,23240,,,13,934,260,934,18680
178,,,1145,22900,,,10,944,200,944,18880
179,,,1050,21000,,,13,957,260,957,19140
